Number
of                   <----------   Number of Vertices     ----------->
Edges  2 3 4 5  6   7     8      9        10          11             12                13
-----------------------------------------------------------------------------------------
   0   1 1 1 1  1   1     1      1         1           1              1                 1
   1   1 1 1 1  1   1     1      1         1           1              1                 1
   2   0 1 2 2  2   2     2      2         2           2              2                 2
   3   0 1 3 4  5   5     5      5         5           5              5                 5
   4   0 0 2 6  9  10    11     11        11          11             11                11
   5   0 0 1 6 15  21    24     25        26          26             26                26
   6   0 0 1 6 21  41    56     63        66          67             68                68
   7   0 0 0 4 24  65   115    148       165         172            175               176
   8   0 0 0 2 24  97   221    345       428         467            485               492
   9   0 0 0 1 21 131   402    771     1,103       1,305          1,405             1,446
  10   0 0 0 1 15 148   663  1,637     2,769       3,664          4,191             4,435
  11   0 0 0 0  9 148   980  3,252     6,759      10,250         12,763            14,140
  12   0 0 0 0  5 131 1,312  5,995    15,772      28,259         39,243            46,415
  13   0 0 0 0  2  97 1,557 10,120    34,663      75,415        119,890           154,658
  14   0 0 0 0  1  65 1,646 15,615    71,318     192,788        359,307           517,121
  15   0 0 0 0  1  41 1,557 21,933   136,433     467,807      1,043,774         1,711,908
  16   0 0 0 0  0  21 1,312 27,987   241,577   1,069,890      2,911,086         5,546,619
  17   0 0 0 0  0  10   980 32,403   395,166   2,295,898      7,739,601        17,422,984
  18   0 0 0 0  0   5   663 34,040   596,191   4,609,179     19,515,361        52,664,857
  19   0 0 0 0  0   2   402 32,403   828,728   8,640,134     46,505,609       152,339,952
  20   0 0 0 0  0   1   221 27,987 1,061,159  15,108,047    104,504,341       420,048,805
  21   0 0 0 0  0   1   115 21,933 1,251,389  24,630,887    221,147,351     1,101,083,128
  22   0 0 0 0  0   0    56 15,615 1,358,852  37,433,760    440,393,606     2,739,261,020
  23   0 0 0 0  0   0    24 10,120 1,358,852  53,037,356    825,075,506     6,461,056,816
  24   0 0 0 0  0   0    11  5,995 1,251,389  70,065,437  1,454,265,734    14,441,470,390
  25   0 0 0 0  0   0     5  3,252 1,061,159  86,318,670  2,411,961,516    30,583,652,956
  26   0 0 0 0  0   0     2  1,637   828,728  99,187,806  3,765,262,970    61,372,294,334
  27   0 0 0 0  0   0     1    771   596,191 106,321,628  5,534,255,092   116,724,411,757
  28   0 0 0 0  0   0     1    345   395,166 106,321,628  7,661,345,277   210,474,287,115
  29   0 0 0 0  0   0     0    148   241,577  99,187,806  9,992,340,187   359,954,668,522
  30   0 0 0 0  0   0     0     63   136,433  86,318,670 12,281,841,209   584,089,835,857
  31   0 0 0 0  0   0     0     25    71,318  70,065,437 14,229,503,560   899,632,282,299
  32   0 0 0 0  0   0     0     11    34,663  53,037,356 15,542,350,436 1,315,729,343,451
  33   0 0 0 0  0   0     0      5    15,772  37,433,760 16,006,173,014 1,827,823,498,798
  34   0 0 0 0  0   0     0      2     6,759  24,630,887 15,542,350,436 2,412,694,353,115
  35   0 0 0 0  0   0     0      1     2,769  15,108,047 14,229,503,560 3,026,821,673,656
  36   0 0 0 0  0   0     0      1     1,103   8,640,134 12,281,841,209 3,609,810,088,490
  37   0 0 0 0  0   0     0      0       428   4,609,179  9,992,340,187 4,093,273,437,761
  38   0 0 0 0  0   0     0      0       165   2,295,898  7,661,345,277 4,413,678,080,790
  39   0 0 0 0  0   0     0      0        66   1,069,890  5,534,255,092 4,525,920,859,198
  40   0 0 0 0  0   0     0      0        26     467,807  3,765,262,970 4,413,678,080,790
  41   0 0 0 0  0   0     0      0        11     192,788  2,411,961,516 4,093,273,437,761
  42   0 0 0 0  0   0     0      0         5      75,415  1,454,265,734 3,609,810,088,490
  43   0 0 0 0  0   0     0      0         2      28,259    825,075,506 3,026,821,673,656
  44   0 0 0 0  0   0     0      0         1      10,250    440,393,606 2,412,694,353,115
  45   0 0 0 0  0   0     0      0         1       3,664    221,147,351 1,827,823,498,798
  46   0 0 0 0  0   0     0      0         0       1,305    104,504,341 1,315,729,343,451
  47   0 0 0 0  0   0     0      0         0         467     46,505,609   899,632,282,299
  48   0 0 0 0  0   0     0      0         0         172     19,515,361   584,089,835,857
  49   0 0 0 0  0   0     0      0         0          67      7,739,601   359,954,668,522
  50   0 0 0 0  0   0     0      0         0          26      2,911,086   210,474,287,115
  51   0 0 0 0  0   0     0      0         0          11      1,043,774   116,724,411,757
  52   0 0 0 0  0   0     0      0         0           5        359,307    61,372,294,334
  53   0 0 0 0  0   0     0      0         0           2        119,890    30,583,652,956
  54   0 0 0 0  0   0     0      0         0           1         39,243    14,441,470,390
  55   0 0 0 0  0   0     0      0         0           1         12,763     6,461,056,816
  56   0 0 0 0  0   0     0      0         0           0          4,191     2,739,261,020
  57   0 0 0 0  0   0     0      0         0           0          1,405     1,101,083,128
  58   0 0 0 0  0   0     0      0         0           0            485       420,048,805
  59   0 0 0 0  0   0     0      0         0           0            175       152,339,952
  60   0 0 0 0  0   0     0      0         0           0             68        52,664,857
  61   0 0 0 0  0   0     0      0         0           0             26        17,422,984
  62   0 0 0 0  0   0     0      0         0           0             11         5,546,619
  63   0 0 0 0  0   0     0      0         0           0              5         1,711,908
  64   0 0 0 0  0   0     0      0         0           0              2           517,121
  65   0 0 0 0  0   0     0      0         0           0              1           154,658
  66   0 0 0 0  0   0     0      0         0           0              1            46,415
  67   0 0 0 0  0   0     0      0         0           0              0            14,140
  68   0 0 0 0  0   0     0      0         0           0              0             4,435
  69   0 0 0 0  0   0     0      0         0           0              0             1,446
  70   0 0 0 0  0   0     0      0         0           0              0               492
  71   0 0 0 0  0   0     0      0         0           0              0               176
  72   0 0 0 0  0   0     0      0         0           0              0                68
  73   0 0 0 0  0   0     0      0         0           0              0                26
  74   0 0 0 0  0   0     0      0         0           0              0                11
  75   0 0 0 0  0   0     0      0         0           0              0                 5
  76   0 0 0 0  0   0     0      0         0           0              0                 2
  77   0 0 0 0  0   0     0      0         0           0              0                 1
  78   0 0 0 0  0   0     0      0         0           0              0                 1
-----------------------------------------------------------------------------------------
Totals 2 4  34  1,044      274,668         1,018,997,864               50,502,031,367,952
          11  156    12,346       12,005,168            165,091,172,592